{
 "cells": [
  {
   "cell_type": "markdown",
   "id": "03b9de27",
   "metadata": {},
   "source": [
    "# Modelación del problema de ciudades Instancias\n"
   ]
  },
  {
   "cell_type": "code",
   "execution_count": 2,
   "id": "78ba8515",
   "metadata": {},
   "outputs": [],
   "source": [
    "import re\n",
    "import time\n",
    "import pandas as pd\n",
    "import numpy as np\n",
    "import matplotlib.pyplot as plt\n",
    "from matplotlib.animation import FuncAnimation"
   ]
  },
  {
   "cell_type": "code",
   "execution_count": 27,
   "id": "b71e0b9e",
   "metadata": {},
   "outputs": [],
   "source": [
    "# Path al archivo txt\n",
    "#file_path = 'Inst29.txt'\n",
    "#file_path = 'xql662.tsp'\n",
    "#file_path = 'djb2036.tsp'\n",
    "file_path = 'fnc19402.tsp'\n",
    "\n",
    "# Lista para almacenar las coordenadas de las ciudades\n",
    "cities = []\n",
    "\n",
    "# Abrir el archivo en modo lectura\n",
    "with open(file_path, 'r') as file:\n",
    "    lines = file.readlines()\n",
    "\n",
    "    # Iterar sobre cada línea del archivo\n",
    "    for line in lines:\n",
    "        # Buscar líneas que contengan dos números decimales\n",
    "        match = re.match(r'\\s*(\\d+)\\s+((\\d+\\.\\d+)|(\\d+))\\s+((\\d+\\.\\d+)|(\\d+))\\s*', line)\n",
    "        if match:\n",
    "            city_id = int(match.group(1))\n",
    "            x_coord = float(match.group(2)) if match.group(3) else int(match.group(2))\n",
    "            y_coord = float(match.group(5)) if match.group(6) else int(match.group(5))\n",
    "            cities.append((city_id, x_coord, y_coord))\n",
    "\n",
    "# Crear DataFrame de pandas\n",
    "data = pd.DataFrame(cities, columns=['City', 'x', 'y'])"
   ]
  },
  {
   "cell_type": "code",
   "execution_count": 28,
   "id": "2b44dac8",
   "metadata": {},
   "outputs": [
    {
     "data": {
      "text/html": [
       "<div>\n",
       "<style scoped>\n",
       "    .dataframe tbody tr th:only-of-type {\n",
       "        vertical-align: middle;\n",
       "    }\n",
       "\n",
       "    .dataframe tbody tr th {\n",
       "        vertical-align: top;\n",
       "    }\n",
       "\n",
       "    .dataframe thead th {\n",
       "        text-align: right;\n",
       "    }\n",
       "</style>\n",
       "<table border=\"1\" class=\"dataframe\">\n",
       "  <thead>\n",
       "    <tr style=\"text-align: right;\">\n",
       "      <th></th>\n",
       "      <th>index</th>\n",
       "      <th>City</th>\n",
       "      <th>x</th>\n",
       "      <th>y</th>\n",
       "    </tr>\n",
       "  </thead>\n",
       "  <tbody>\n",
       "    <tr>\n",
       "      <th>0</th>\n",
       "      <td>1</td>\n",
       "      <td>2</td>\n",
       "      <td>0</td>\n",
       "      <td>283</td>\n",
       "    </tr>\n",
       "    <tr>\n",
       "      <th>1</th>\n",
       "      <td>2</td>\n",
       "      <td>3</td>\n",
       "      <td>0</td>\n",
       "      <td>389</td>\n",
       "    </tr>\n",
       "    <tr>\n",
       "      <th>2</th>\n",
       "      <td>3</td>\n",
       "      <td>4</td>\n",
       "      <td>0</td>\n",
       "      <td>489</td>\n",
       "    </tr>\n",
       "    <tr>\n",
       "      <th>3</th>\n",
       "      <td>4</td>\n",
       "      <td>5</td>\n",
       "      <td>0</td>\n",
       "      <td>817</td>\n",
       "    </tr>\n",
       "    <tr>\n",
       "      <th>4</th>\n",
       "      <td>5</td>\n",
       "      <td>6</td>\n",
       "      <td>2</td>\n",
       "      <td>102</td>\n",
       "    </tr>\n",
       "    <tr>\n",
       "      <th>...</th>\n",
       "      <td>...</td>\n",
       "      <td>...</td>\n",
       "      <td>...</td>\n",
       "      <td>...</td>\n",
       "    </tr>\n",
       "    <tr>\n",
       "      <th>19396</th>\n",
       "      <td>19397</td>\n",
       "      <td>19398</td>\n",
       "      <td>539</td>\n",
       "      <td>974</td>\n",
       "    </tr>\n",
       "    <tr>\n",
       "      <th>19397</th>\n",
       "      <td>19398</td>\n",
       "      <td>19399</td>\n",
       "      <td>539</td>\n",
       "      <td>975</td>\n",
       "    </tr>\n",
       "    <tr>\n",
       "      <th>19398</th>\n",
       "      <td>19399</td>\n",
       "      <td>19400</td>\n",
       "      <td>539</td>\n",
       "      <td>976</td>\n",
       "    </tr>\n",
       "    <tr>\n",
       "      <th>19399</th>\n",
       "      <td>19400</td>\n",
       "      <td>19401</td>\n",
       "      <td>539</td>\n",
       "      <td>977</td>\n",
       "    </tr>\n",
       "    <tr>\n",
       "      <th>19400</th>\n",
       "      <td>19401</td>\n",
       "      <td>19402</td>\n",
       "      <td>539</td>\n",
       "      <td>99</td>\n",
       "    </tr>\n",
       "  </tbody>\n",
       "</table>\n",
       "<p>19401 rows × 4 columns</p>\n",
       "</div>"
      ],
      "text/plain": [
       "       index   City    x    y\n",
       "0          1      2    0  283\n",
       "1          2      3    0  389\n",
       "2          3      4    0  489\n",
       "3          4      5    0  817\n",
       "4          5      6    2  102\n",
       "...      ...    ...  ...  ...\n",
       "19396  19397  19398  539  974\n",
       "19397  19398  19399  539  975\n",
       "19398  19399  19400  539  976\n",
       "19399  19400  19401  539  977\n",
       "19400  19401  19402  539   99\n",
       "\n",
       "[19401 rows x 4 columns]"
      ]
     },
     "execution_count": 28,
     "metadata": {},
     "output_type": "execute_result"
    }
   ],
   "source": [
    "data = data.iloc[1:]\n",
    "\n",
    "data = data.reset_index()\n",
    "\n",
    "data"
   ]
  },
  {
   "cell_type": "code",
   "execution_count": 29,
   "id": "92bf6c96-0445-458c-a17f-3c47c6668ab7",
   "metadata": {},
   "outputs": [],
   "source": [
    "# Código para mostrar el camino de las ciudades.\n",
    "def animate_solution(solution_df, title, filename):\n",
    "    fig, ax = plt.subplots()\n",
    "    line, = ax.plot([], [], 'ro-')  # Path line\n",
    "    ax.scatter(solution_df['x'], solution_df['y'], color='blue')  # City points\n",
    "    for _, row in solution_df.iterrows():\n",
    "        ax.text(row['x'], row['y'], row['City'])  # City labels\n",
    "\n",
    "    ax.set_xlim(min(solution_df['x']) - 1, max(solution_df['x']) + 1)\n",
    "    ax.set_ylim(min(solution_df['y']) - 1, max(solution_df['y']) + 1)\n",
    "    ax.set_title(title)\n",
    "    ax.grid(True)\n",
    "\n",
    "    def init():\n",
    "        line.set_data([], [])\n",
    "        return line,\n",
    "\n",
    "    def animate(i):\n",
    "        x_values = solution_df['x'].iloc[:i + 1]\n",
    "        y_values = solution_df['y'].iloc[:i + 1]\n",
    "        line.set_data(x_values, y_values)\n",
    "        return line,\n",
    "\n",
    "    anim = FuncAnimation(fig, animate, init_func=init,\n",
    "                         frames=len(solution_df), interval=1000, blit=True)\n",
    "\n",
    "    anim.save(filename, writer='pillow', fps=2)"
   ]
  },
  {
   "cell_type": "code",
   "execution_count": 30,
   "id": "c9da0467-b9b8-42c4-ac3c-afaf32fd0578",
   "metadata": {},
   "outputs": [
    {
     "data": {
      "text/html": [
       "<div>\n",
       "<style scoped>\n",
       "    .dataframe tbody tr th:only-of-type {\n",
       "        vertical-align: middle;\n",
       "    }\n",
       "\n",
       "    .dataframe tbody tr th {\n",
       "        vertical-align: top;\n",
       "    }\n",
       "\n",
       "    .dataframe thead th {\n",
       "        text-align: right;\n",
       "    }\n",
       "</style>\n",
       "<table border=\"1\" class=\"dataframe\">\n",
       "  <thead>\n",
       "    <tr style=\"text-align: right;\">\n",
       "      <th></th>\n",
       "      <th>index</th>\n",
       "      <th>City</th>\n",
       "      <th>x</th>\n",
       "      <th>y</th>\n",
       "    </tr>\n",
       "  </thead>\n",
       "  <tbody>\n",
       "    <tr>\n",
       "      <th>0</th>\n",
       "      <td>1</td>\n",
       "      <td>2</td>\n",
       "      <td>0</td>\n",
       "      <td>283</td>\n",
       "    </tr>\n",
       "    <tr>\n",
       "      <th>1</th>\n",
       "      <td>2</td>\n",
       "      <td>3</td>\n",
       "      <td>0</td>\n",
       "      <td>389</td>\n",
       "    </tr>\n",
       "    <tr>\n",
       "      <th>2</th>\n",
       "      <td>3</td>\n",
       "      <td>4</td>\n",
       "      <td>0</td>\n",
       "      <td>489</td>\n",
       "    </tr>\n",
       "    <tr>\n",
       "      <th>3</th>\n",
       "      <td>4</td>\n",
       "      <td>5</td>\n",
       "      <td>0</td>\n",
       "      <td>817</td>\n",
       "    </tr>\n",
       "    <tr>\n",
       "      <th>4</th>\n",
       "      <td>5</td>\n",
       "      <td>6</td>\n",
       "      <td>2</td>\n",
       "      <td>102</td>\n",
       "    </tr>\n",
       "    <tr>\n",
       "      <th>...</th>\n",
       "      <td>...</td>\n",
       "      <td>...</td>\n",
       "      <td>...</td>\n",
       "      <td>...</td>\n",
       "    </tr>\n",
       "    <tr>\n",
       "      <th>19396</th>\n",
       "      <td>19397</td>\n",
       "      <td>19398</td>\n",
       "      <td>539</td>\n",
       "      <td>974</td>\n",
       "    </tr>\n",
       "    <tr>\n",
       "      <th>19397</th>\n",
       "      <td>19398</td>\n",
       "      <td>19399</td>\n",
       "      <td>539</td>\n",
       "      <td>975</td>\n",
       "    </tr>\n",
       "    <tr>\n",
       "      <th>19398</th>\n",
       "      <td>19399</td>\n",
       "      <td>19400</td>\n",
       "      <td>539</td>\n",
       "      <td>976</td>\n",
       "    </tr>\n",
       "    <tr>\n",
       "      <th>19399</th>\n",
       "      <td>19400</td>\n",
       "      <td>19401</td>\n",
       "      <td>539</td>\n",
       "      <td>977</td>\n",
       "    </tr>\n",
       "    <tr>\n",
       "      <th>19400</th>\n",
       "      <td>19401</td>\n",
       "      <td>19402</td>\n",
       "      <td>539</td>\n",
       "      <td>99</td>\n",
       "    </tr>\n",
       "  </tbody>\n",
       "</table>\n",
       "<p>19401 rows × 4 columns</p>\n",
       "</div>"
      ],
      "text/plain": [
       "       index   City    x    y\n",
       "0          1      2    0  283\n",
       "1          2      3    0  389\n",
       "2          3      4    0  489\n",
       "3          4      5    0  817\n",
       "4          5      6    2  102\n",
       "...      ...    ...  ...  ...\n",
       "19396  19397  19398  539  974\n",
       "19397  19398  19399  539  975\n",
       "19398  19399  19400  539  976\n",
       "19399  19400  19401  539  977\n",
       "19400  19401  19402  539   99\n",
       "\n",
       "[19401 rows x 4 columns]"
      ]
     },
     "execution_count": 30,
     "metadata": {},
     "output_type": "execute_result"
    }
   ],
   "source": [
    "# Sample DataFrame, replace this with your actual data\n",
    "df = pd.DataFrame(data)\n",
    "df"
   ]
  },
  {
   "cell_type": "markdown",
   "id": "ac4c865e-c775-40db-bc62-70799cac1cf3",
   "metadata": {},
   "source": [
    "# Heurística de Búsqueda Local"
   ]
  },
  {
   "cell_type": "code",
   "execution_count": 26,
   "id": "2941b932-97a9-4049-97d8-789df8c87b40",
   "metadata": {},
   "outputs": [
    {
     "name": "stdout",
     "output_type": "stream",
     "text": [
      "    index  City       x       y\n",
      "0      24    25  1280.0   790.0\n",
      "1      21    22   490.0   500.0\n",
      "2      17    18   460.0   860.0\n",
      "3      10    11   840.0   550.0\n",
      "4      23    24  1260.0  1500.0\n",
      "5      25    26   490.0  2130.0\n",
      "6      14    15   750.0   900.0\n",
      "7      22    23  1840.0  1240.0\n",
      "8       6     7  1650.0   650.0\n",
      "9      12    13   970.0  1340.0\n",
      "10      1     2   630.0  1660.0\n",
      "11      9    10   710.0  1310.0\n",
      "12      4     5   750.0  2030.0\n",
      "13     11    12  1170.0  2300.0\n",
      "14     13    14   510.0   700.0\n",
      "15     18    19  1040.0   950.0\n",
      "16     26    27  1460.0  1420.0\n",
      "17     28    29   360.0  1980.0\n",
      "18      5     6  1030.0  2070.0\n",
      "19     16    17   230.0   590.0\n",
      "20      7     8  1490.0  1630.0\n",
      "21      8     9   790.0  2260.0\n",
      "22     20    21   830.0  1770.0\n",
      "23      2     3    40.0  2090.0\n",
      "24     15    16  1280.0  1200.0\n",
      "25     19    20   590.0  1390.0\n",
      "26     27    28  1260.0  1910.0\n",
      "27      3     4   750.0  1100.0\n",
      "    index  City       x       y\n",
      "0      24    25  1280.0   790.0\n",
      "1      17    18   460.0   860.0\n",
      "2      21    22   490.0   500.0\n",
      "3      10    11   840.0   550.0\n",
      "4      23    24  1260.0  1500.0\n",
      "5      25    26   490.0  2130.0\n",
      "6      14    15   750.0   900.0\n",
      "7      22    23  1840.0  1240.0\n",
      "8       6     7  1650.0   650.0\n",
      "9      12    13   970.0  1340.0\n",
      "10      1     2   630.0  1660.0\n",
      "11      9    10   710.0  1310.0\n",
      "12      4     5   750.0  2030.0\n",
      "13     11    12  1170.0  2300.0\n",
      "14     13    14   510.0   700.0\n",
      "15     18    19  1040.0   950.0\n",
      "16     26    27  1460.0  1420.0\n",
      "17     28    29   360.0  1980.0\n",
      "18      5     6  1030.0  2070.0\n",
      "19     16    17   230.0   590.0\n",
      "20      7     8  1490.0  1630.0\n",
      "21      8     9   790.0  2260.0\n",
      "22     20    21   830.0  1770.0\n",
      "23      2     3    40.0  2090.0\n",
      "24     15    16  1280.0  1200.0\n",
      "25     19    20   590.0  1390.0\n",
      "26     27    28  1260.0  1910.0\n",
      "27      3     4   750.0  1100.0\n",
      "24111.94735587387\n",
      "24111.947355873875\n",
      "    index  City       x       y\n",
      "0      24    25  1280.0   790.0\n",
      "1      17    18   460.0   860.0\n",
      "2      21    22   490.0   500.0\n",
      "3      10    11   840.0   550.0\n",
      "4      23    24  1260.0  1500.0\n",
      "5      25    26   490.0  2130.0\n",
      "6      14    15   750.0   900.0\n",
      "7      22    23  1840.0  1240.0\n",
      "8       6     7  1650.0   650.0\n",
      "9      12    13   970.0  1340.0\n",
      "10      1     2   630.0  1660.0\n",
      "11      9    10   710.0  1310.0\n",
      "12      4     5   750.0  2030.0\n",
      "13     11    12  1170.0  2300.0\n",
      "14     13    14   510.0   700.0\n",
      "15     18    19  1040.0   950.0\n",
      "16     26    27  1460.0  1420.0\n",
      "17     28    29   360.0  1980.0\n",
      "18      5     6  1030.0  2070.0\n",
      "19     16    17   230.0   590.0\n",
      "20      7     8  1490.0  1630.0\n",
      "21      8     9   790.0  2260.0\n",
      "22     20    21   830.0  1770.0\n",
      "23      2     3    40.0  2090.0\n",
      "24     15    16  1280.0  1200.0\n",
      "25     19    20   590.0  1390.0\n",
      "26     27    28  1260.0  1910.0\n",
      "27      3     4   750.0  1100.0\n",
      "    index  City       x       y\n",
      "0      24    25  1280.0   790.0\n",
      "1      10    11   840.0   550.0\n",
      "2      21    22   490.0   500.0\n",
      "3      17    18   460.0   860.0\n",
      "4      23    24  1260.0  1500.0\n",
      "5      25    26   490.0  2130.0\n",
      "6      14    15   750.0   900.0\n",
      "7      22    23  1840.0  1240.0\n",
      "8       6     7  1650.0   650.0\n",
      "9      12    13   970.0  1340.0\n",
      "10      1     2   630.0  1660.0\n",
      "11      9    10   710.0  1310.0\n",
      "12      4     5   750.0  2030.0\n",
      "13     11    12  1170.0  2300.0\n",
      "14     13    14   510.0   700.0\n",
      "15     18    19  1040.0   950.0\n",
      "16     26    27  1460.0  1420.0\n",
      "17     28    29   360.0  1980.0\n",
      "18      5     6  1030.0  2070.0\n",
      "19     16    17   230.0   590.0\n",
      "20      7     8  1490.0  1630.0\n",
      "21      8     9   790.0  2260.0\n",
      "22     20    21   830.0  1770.0\n",
      "23      2     3    40.0  2090.0\n",
      "24     15    16  1280.0  1200.0\n",
      "25     19    20   590.0  1390.0\n",
      "26     27    28  1260.0  1910.0\n",
      "27      3     4   750.0  1100.0\n",
      "23775.96230400011\n",
      "23775.96230400011\n",
      "    index  City       x       y\n",
      "0      24    25  1280.0   790.0\n",
      "1      10    11   840.0   550.0\n",
      "2      21    22   490.0   500.0\n",
      "3      17    18   460.0   860.0\n",
      "4      23    24  1260.0  1500.0\n",
      "5      25    26   490.0  2130.0\n",
      "6      14    15   750.0   900.0\n",
      "7      22    23  1840.0  1240.0\n",
      "8       6     7  1650.0   650.0\n",
      "9      12    13   970.0  1340.0\n",
      "10      1     2   630.0  1660.0\n",
      "11      9    10   710.0  1310.0\n",
      "12      4     5   750.0  2030.0\n",
      "13     11    12  1170.0  2300.0\n",
      "14     13    14   510.0   700.0\n",
      "15     18    19  1040.0   950.0\n",
      "16     26    27  1460.0  1420.0\n",
      "17     28    29   360.0  1980.0\n",
      "18      5     6  1030.0  2070.0\n",
      "19     16    17   230.0   590.0\n",
      "20      7     8  1490.0  1630.0\n",
      "21      8     9   790.0  2260.0\n",
      "22     20    21   830.0  1770.0\n",
      "23      2     3    40.0  2090.0\n",
      "24     15    16  1280.0  1200.0\n",
      "25     19    20   590.0  1390.0\n",
      "26     27    28  1260.0  1910.0\n",
      "27      3     4   750.0  1100.0\n",
      "    index  City       x       y\n",
      "0      24    25  1280.0   790.0\n",
      "1      23    24  1260.0  1500.0\n",
      "2      17    18   460.0   860.0\n",
      "3      21    22   490.0   500.0\n",
      "4      10    11   840.0   550.0\n",
      "5      25    26   490.0  2130.0\n",
      "6      14    15   750.0   900.0\n",
      "7      22    23  1840.0  1240.0\n",
      "8       6     7  1650.0   650.0\n",
      "9      12    13   970.0  1340.0\n",
      "10      1     2   630.0  1660.0\n",
      "11      9    10   710.0  1310.0\n",
      "12      4     5   750.0  2030.0\n",
      "13     11    12  1170.0  2300.0\n",
      "14     13    14   510.0   700.0\n",
      "15     18    19  1040.0   950.0\n",
      "16     26    27  1460.0  1420.0\n",
      "17     28    29   360.0  1980.0\n",
      "18      5     6  1030.0  2070.0\n",
      "19     16    17   230.0   590.0\n",
      "20      7     8  1490.0  1630.0\n",
      "21      8     9   790.0  2260.0\n",
      "22     20    21   830.0  1770.0\n",
      "23      2     3    40.0  2090.0\n",
      "24     15    16  1280.0  1200.0\n",
      "25     19    20   590.0  1390.0\n",
      "26     27    28  1260.0  1910.0\n",
      "27      3     4   750.0  1100.0\n",
      "24608.46002540551\n",
      "24608.460025405508\n",
      "    index  City       x       y\n",
      "0      24    25  1280.0   790.0\n",
      "1      10    11   840.0   550.0\n",
      "2      21    22   490.0   500.0\n",
      "3      17    18   460.0   860.0\n",
      "4      23    24  1260.0  1500.0\n",
      "5      25    26   490.0  2130.0\n",
      "6      14    15   750.0   900.0\n",
      "7      22    23  1840.0  1240.0\n",
      "8       6     7  1650.0   650.0\n",
      "9      12    13   970.0  1340.0\n",
      "10      1     2   630.0  1660.0\n",
      "11      9    10   710.0  1310.0\n",
      "12      4     5   750.0  2030.0\n",
      "13     11    12  1170.0  2300.0\n",
      "14     13    14   510.0   700.0\n",
      "15     18    19  1040.0   950.0\n",
      "16     26    27  1460.0  1420.0\n",
      "17     28    29   360.0  1980.0\n",
      "18      5     6  1030.0  2070.0\n",
      "19     16    17   230.0   590.0\n",
      "20      7     8  1490.0  1630.0\n",
      "21      8     9   790.0  2260.0\n",
      "22     20    21   830.0  1770.0\n",
      "23      2     3    40.0  2090.0\n",
      "24     15    16  1280.0  1200.0\n",
      "25     19    20   590.0  1390.0\n",
      "26     27    28  1260.0  1910.0\n",
      "27      3     4   750.0  1100.0\n",
      "    index  City       x       y\n",
      "0      24    25  1280.0   790.0\n",
      "1      25    26   490.0  2130.0\n",
      "2      23    24  1260.0  1500.0\n",
      "3      17    18   460.0   860.0\n",
      "4      21    22   490.0   500.0\n",
      "5      10    11   840.0   550.0\n",
      "6      14    15   750.0   900.0\n",
      "7      22    23  1840.0  1240.0\n",
      "8       6     7  1650.0   650.0\n",
      "9      12    13   970.0  1340.0\n",
      "10      1     2   630.0  1660.0\n",
      "11      9    10   710.0  1310.0\n",
      "12      4     5   750.0  2030.0\n",
      "13     11    12  1170.0  2300.0\n",
      "14     13    14   510.0   700.0\n",
      "15     18    19  1040.0   950.0\n",
      "16     26    27  1460.0  1420.0\n",
      "17     28    29   360.0  1980.0\n",
      "18      5     6  1030.0  2070.0\n",
      "19     16    17   230.0   590.0\n",
      "20      7     8  1490.0  1630.0\n",
      "21      8     9   790.0  2260.0\n",
      "22     20    21   830.0  1770.0\n",
      "23      2     3    40.0  2090.0\n",
      "24     15    16  1280.0  1200.0\n",
      "25     19    20   590.0  1390.0\n",
      "26     27    28  1260.0  1910.0\n",
      "27      3     4   750.0  1100.0\n",
      "23934.509069929925\n",
      "23934.509069929925\n",
      "    index  City       x       y\n",
      "0      24    25  1280.0   790.0\n",
      "1      10    11   840.0   550.0\n",
      "2      21    22   490.0   500.0\n",
      "3      17    18   460.0   860.0\n",
      "4      23    24  1260.0  1500.0\n",
      "5      25    26   490.0  2130.0\n",
      "6      14    15   750.0   900.0\n",
      "7      22    23  1840.0  1240.0\n",
      "8       6     7  1650.0   650.0\n",
      "9      12    13   970.0  1340.0\n",
      "10      1     2   630.0  1660.0\n",
      "11      9    10   710.0  1310.0\n",
      "12      4     5   750.0  2030.0\n",
      "13     11    12  1170.0  2300.0\n",
      "14     13    14   510.0   700.0\n",
      "15     18    19  1040.0   950.0\n",
      "16     26    27  1460.0  1420.0\n",
      "17     28    29   360.0  1980.0\n",
      "18      5     6  1030.0  2070.0\n",
      "19     16    17   230.0   590.0\n",
      "20      7     8  1490.0  1630.0\n",
      "21      8     9   790.0  2260.0\n",
      "22     20    21   830.0  1770.0\n",
      "23      2     3    40.0  2090.0\n",
      "24     15    16  1280.0  1200.0\n",
      "25     19    20   590.0  1390.0\n",
      "26     27    28  1260.0  1910.0\n",
      "27      3     4   750.0  1100.0\n",
      "    index  City       x       y\n",
      "0      24    25  1280.0   790.0\n",
      "1      14    15   750.0   900.0\n",
      "2      25    26   490.0  2130.0\n",
      "3      23    24  1260.0  1500.0\n",
      "4      17    18   460.0   860.0\n",
      "5      21    22   490.0   500.0\n",
      "6      10    11   840.0   550.0\n",
      "7      22    23  1840.0  1240.0\n",
      "8       6     7  1650.0   650.0\n",
      "9      12    13   970.0  1340.0\n",
      "10      1     2   630.0  1660.0\n",
      "11      9    10   710.0  1310.0\n",
      "12      4     5   750.0  2030.0\n",
      "13     11    12  1170.0  2300.0\n",
      "14     13    14   510.0   700.0\n",
      "15     18    19  1040.0   950.0\n",
      "16     26    27  1460.0  1420.0\n",
      "17     28    29   360.0  1980.0\n",
      "18      5     6  1030.0  2070.0\n",
      "19     16    17   230.0   590.0\n",
      "20      7     8  1490.0  1630.0\n",
      "21      8     9   790.0  2260.0\n",
      "22     20    21   830.0  1770.0\n",
      "23      2     3    40.0  2090.0\n",
      "24     15    16  1280.0  1200.0\n",
      "25     19    20   590.0  1390.0\n",
      "26     27    28  1260.0  1910.0\n",
      "27      3     4   750.0  1100.0\n",
      "23889.210213682272\n",
      "23889.210213682276\n",
      "    index  City       x       y\n",
      "0      24    25  1280.0   790.0\n",
      "1      10    11   840.0   550.0\n",
      "2      21    22   490.0   500.0\n",
      "3      17    18   460.0   860.0\n",
      "4      23    24  1260.0  1500.0\n",
      "5      25    26   490.0  2130.0\n",
      "6      14    15   750.0   900.0\n",
      "7      22    23  1840.0  1240.0\n",
      "8       6     7  1650.0   650.0\n",
      "9      12    13   970.0  1340.0\n",
      "10      1     2   630.0  1660.0\n",
      "11      9    10   710.0  1310.0\n",
      "12      4     5   750.0  2030.0\n",
      "13     11    12  1170.0  2300.0\n",
      "14     13    14   510.0   700.0\n",
      "15     18    19  1040.0   950.0\n",
      "16     26    27  1460.0  1420.0\n",
      "17     28    29   360.0  1980.0\n",
      "18      5     6  1030.0  2070.0\n",
      "19     16    17   230.0   590.0\n",
      "20      7     8  1490.0  1630.0\n",
      "21      8     9   790.0  2260.0\n",
      "22     20    21   830.0  1770.0\n",
      "23      2     3    40.0  2090.0\n",
      "24     15    16  1280.0  1200.0\n",
      "25     19    20   590.0  1390.0\n",
      "26     27    28  1260.0  1910.0\n",
      "27      3     4   750.0  1100.0\n",
      "    index  City       x       y\n",
      "0      24    25  1280.0   790.0\n",
      "1      22    23  1840.0  1240.0\n",
      "2      14    15   750.0   900.0\n",
      "3      25    26   490.0  2130.0\n",
      "4      23    24  1260.0  1500.0\n",
      "5      17    18   460.0   860.0\n",
      "6      21    22   490.0   500.0\n",
      "7      10    11   840.0   550.0\n",
      "8       6     7  1650.0   650.0\n",
      "9      12    13   970.0  1340.0\n",
      "10      1     2   630.0  1660.0\n",
      "11      9    10   710.0  1310.0\n",
      "12      4     5   750.0  2030.0\n",
      "13     11    12  1170.0  2300.0\n",
      "14     13    14   510.0   700.0\n",
      "15     18    19  1040.0   950.0\n",
      "16     26    27  1460.0  1420.0\n",
      "17     28    29   360.0  1980.0\n",
      "18      5     6  1030.0  2070.0\n",
      "19     16    17   230.0   590.0\n",
      "20      7     8  1490.0  1630.0\n",
      "21      8     9   790.0  2260.0\n",
      "22     20    21   830.0  1770.0\n",
      "23      2     3    40.0  2090.0\n",
      "24     15    16  1280.0  1200.0\n",
      "25     19    20   590.0  1390.0\n",
      "26     27    28  1260.0  1910.0\n",
      "27      3     4   750.0  1100.0\n",
      "24189.475550198076\n",
      "24189.475550198076\n",
      "    index  City       x       y\n",
      "0      24    25  1280.0   790.0\n",
      "1      10    11   840.0   550.0\n",
      "2      21    22   490.0   500.0\n",
      "3      17    18   460.0   860.0\n",
      "4      23    24  1260.0  1500.0\n",
      "5      25    26   490.0  2130.0\n",
      "6      14    15   750.0   900.0\n",
      "7      22    23  1840.0  1240.0\n",
      "8       6     7  1650.0   650.0\n",
      "9      12    13   970.0  1340.0\n",
      "10      1     2   630.0  1660.0\n",
      "11      9    10   710.0  1310.0\n",
      "12      4     5   750.0  2030.0\n",
      "13     11    12  1170.0  2300.0\n",
      "14     13    14   510.0   700.0\n",
      "15     18    19  1040.0   950.0\n",
      "16     26    27  1460.0  1420.0\n",
      "17     28    29   360.0  1980.0\n",
      "18      5     6  1030.0  2070.0\n",
      "19     16    17   230.0   590.0\n",
      "20      7     8  1490.0  1630.0\n",
      "21      8     9   790.0  2260.0\n",
      "22     20    21   830.0  1770.0\n",
      "23      2     3    40.0  2090.0\n",
      "24     15    16  1280.0  1200.0\n",
      "25     19    20   590.0  1390.0\n",
      "26     27    28  1260.0  1910.0\n",
      "27      3     4   750.0  1100.0\n",
      "    index  City       x       y\n",
      "0      24    25  1280.0   790.0\n",
      "1       6     7  1650.0   650.0\n",
      "2      22    23  1840.0  1240.0\n",
      "3      14    15   750.0   900.0\n",
      "4      25    26   490.0  2130.0\n",
      "5      23    24  1260.0  1500.0\n",
      "6      17    18   460.0   860.0\n",
      "7      21    22   490.0   500.0\n",
      "8      10    11   840.0   550.0\n",
      "9      12    13   970.0  1340.0\n",
      "10      1     2   630.0  1660.0\n",
      "11      9    10   710.0  1310.0\n",
      "12      4     5   750.0  2030.0\n",
      "13     11    12  1170.0  2300.0\n",
      "14     13    14   510.0   700.0\n",
      "15     18    19  1040.0   950.0\n",
      "16     26    27  1460.0  1420.0\n",
      "17     28    29   360.0  1980.0\n",
      "18      5     6  1030.0  2070.0\n",
      "19     16    17   230.0   590.0\n",
      "20      7     8  1490.0  1630.0\n",
      "21      8     9   790.0  2260.0\n",
      "22     20    21   830.0  1770.0\n",
      "23      2     3    40.0  2090.0\n",
      "24     15    16  1280.0  1200.0\n",
      "25     19    20   590.0  1390.0\n",
      "26     27    28  1260.0  1910.0\n",
      "27      3     4   750.0  1100.0\n",
      "23502.22720880275\n",
      "23502.22720880275\n",
      "    index  City       x       y\n",
      "0      24    25  1280.0   790.0\n",
      "1       6     7  1650.0   650.0\n",
      "2      22    23  1840.0  1240.0\n",
      "3      14    15   750.0   900.0\n",
      "4      25    26   490.0  2130.0\n",
      "5      23    24  1260.0  1500.0\n",
      "6      17    18   460.0   860.0\n",
      "7      21    22   490.0   500.0\n",
      "8      10    11   840.0   550.0\n",
      "9      12    13   970.0  1340.0\n",
      "10      1     2   630.0  1660.0\n",
      "11      9    10   710.0  1310.0\n",
      "12      4     5   750.0  2030.0\n",
      "13     11    12  1170.0  2300.0\n",
      "14     13    14   510.0   700.0\n",
      "15     18    19  1040.0   950.0\n",
      "16     26    27  1460.0  1420.0\n",
      "17     28    29   360.0  1980.0\n",
      "18      5     6  1030.0  2070.0\n",
      "19     16    17   230.0   590.0\n",
      "20      7     8  1490.0  1630.0\n",
      "21      8     9   790.0  2260.0\n",
      "22     20    21   830.0  1770.0\n",
      "23      2     3    40.0  2090.0\n",
      "24     15    16  1280.0  1200.0\n",
      "25     19    20   590.0  1390.0\n",
      "26     27    28  1260.0  1910.0\n",
      "27      3     4   750.0  1100.0\n",
      "    index  City       x       y\n",
      "0      24    25  1280.0   790.0\n",
      "1      12    13   970.0  1340.0\n",
      "2      10    11   840.0   550.0\n",
      "3      21    22   490.0   500.0\n",
      "4      17    18   460.0   860.0\n",
      "5      23    24  1260.0  1500.0\n",
      "6      25    26   490.0  2130.0\n",
      "7      14    15   750.0   900.0\n",
      "8      22    23  1840.0  1240.0\n",
      "9       6     7  1650.0   650.0\n",
      "10      1     2   630.0  1660.0\n",
      "11      9    10   710.0  1310.0\n",
      "12      4     5   750.0  2030.0\n",
      "13     11    12  1170.0  2300.0\n",
      "14     13    14   510.0   700.0\n",
      "15     18    19  1040.0   950.0\n",
      "16     26    27  1460.0  1420.0\n",
      "17     28    29   360.0  1980.0\n",
      "18      5     6  1030.0  2070.0\n",
      "19     16    17   230.0   590.0\n",
      "20      7     8  1490.0  1630.0\n",
      "21      8     9   790.0  2260.0\n",
      "22     20    21   830.0  1770.0\n",
      "23      2     3    40.0  2090.0\n",
      "24     15    16  1280.0  1200.0\n",
      "25     19    20   590.0  1390.0\n",
      "26     27    28  1260.0  1910.0\n",
      "27      3     4   750.0  1100.0\n",
      "24706.51364554135\n",
      "24706.513645541352\n",
      "    index  City       x       y\n",
      "0      24    25  1280.0   790.0\n",
      "1       6     7  1650.0   650.0\n",
      "2      22    23  1840.0  1240.0\n",
      "3      14    15   750.0   900.0\n",
      "4      25    26   490.0  2130.0\n",
      "5      23    24  1260.0  1500.0\n",
      "6      17    18   460.0   860.0\n",
      "7      21    22   490.0   500.0\n",
      "8      10    11   840.0   550.0\n",
      "9      12    13   970.0  1340.0\n",
      "10      1     2   630.0  1660.0\n",
      "11      9    10   710.0  1310.0\n",
      "12      4     5   750.0  2030.0\n",
      "13     11    12  1170.0  2300.0\n",
      "14     13    14   510.0   700.0\n",
      "15     18    19  1040.0   950.0\n",
      "16     26    27  1460.0  1420.0\n",
      "17     28    29   360.0  1980.0\n",
      "18      5     6  1030.0  2070.0\n",
      "19     16    17   230.0   590.0\n",
      "20      7     8  1490.0  1630.0\n",
      "21      8     9   790.0  2260.0\n",
      "22     20    21   830.0  1770.0\n",
      "23      2     3    40.0  2090.0\n",
      "24     15    16  1280.0  1200.0\n",
      "25     19    20   590.0  1390.0\n",
      "26     27    28  1260.0  1910.0\n",
      "27      3     4   750.0  1100.0\n",
      "    index  City       x       y\n",
      "0      24    25  1280.0   790.0\n",
      "1       1     2   630.0  1660.0\n",
      "2      12    13   970.0  1340.0\n",
      "3      10    11   840.0   550.0\n",
      "4      21    22   490.0   500.0\n",
      "5      17    18   460.0   860.0\n",
      "6      23    24  1260.0  1500.0\n",
      "7      25    26   490.0  2130.0\n",
      "8      14    15   750.0   900.0\n",
      "9      22    23  1840.0  1240.0\n",
      "10      6     7  1650.0   650.0\n",
      "11      9    10   710.0  1310.0\n",
      "12      4     5   750.0  2030.0\n",
      "13     11    12  1170.0  2300.0\n",
      "14     13    14   510.0   700.0\n",
      "15     18    19  1040.0   950.0\n",
      "16     26    27  1460.0  1420.0\n",
      "17     28    29   360.0  1980.0\n",
      "18      5     6  1030.0  2070.0\n",
      "19     16    17   230.0   590.0\n",
      "20      7     8  1490.0  1630.0\n",
      "21      8     9   790.0  2260.0\n",
      "22     20    21   830.0  1770.0\n",
      "23      2     3    40.0  2090.0\n",
      "24     15    16  1280.0  1200.0\n",
      "25     19    20   590.0  1390.0\n",
      "26     27    28  1260.0  1910.0\n",
      "27      3     4   750.0  1100.0\n",
      "24982.166101333336\n",
      "24982.16610133334\n",
      "    index  City       x       y\n",
      "0      24    25  1280.0   790.0\n",
      "1       6     7  1650.0   650.0\n",
      "2      22    23  1840.0  1240.0\n",
      "3      14    15   750.0   900.0\n",
      "4      25    26   490.0  2130.0\n",
      "5      23    24  1260.0  1500.0\n",
      "6      17    18   460.0   860.0\n",
      "7      21    22   490.0   500.0\n",
      "8      10    11   840.0   550.0\n",
      "9      12    13   970.0  1340.0\n",
      "10      1     2   630.0  1660.0\n",
      "11      9    10   710.0  1310.0\n",
      "12      4     5   750.0  2030.0\n",
      "13     11    12  1170.0  2300.0\n",
      "14     13    14   510.0   700.0\n",
      "15     18    19  1040.0   950.0\n",
      "16     26    27  1460.0  1420.0\n",
      "17     28    29   360.0  1980.0\n",
      "18      5     6  1030.0  2070.0\n",
      "19     16    17   230.0   590.0\n",
      "20      7     8  1490.0  1630.0\n",
      "21      8     9   790.0  2260.0\n",
      "22     20    21   830.0  1770.0\n",
      "23      2     3    40.0  2090.0\n",
      "24     15    16  1280.0  1200.0\n",
      "25     19    20   590.0  1390.0\n",
      "26     27    28  1260.0  1910.0\n",
      "27      3     4   750.0  1100.0\n",
      "    index  City       x       y\n",
      "0      24    25  1280.0   790.0\n",
      "1       9    10   710.0  1310.0\n",
      "2       1     2   630.0  1660.0\n",
      "3      12    13   970.0  1340.0\n",
      "4      10    11   840.0   550.0\n",
      "5      21    22   490.0   500.0\n",
      "6      17    18   460.0   860.0\n",
      "7      23    24  1260.0  1500.0\n",
      "8      25    26   490.0  2130.0\n",
      "9      14    15   750.0   900.0\n",
      "10     22    23  1840.0  1240.0\n",
      "11      6     7  1650.0   650.0\n",
      "12      4     5   750.0  2030.0\n",
      "13     11    12  1170.0  2300.0\n",
      "14     13    14   510.0   700.0\n",
      "15     18    19  1040.0   950.0\n",
      "16     26    27  1460.0  1420.0\n",
      "17     28    29   360.0  1980.0\n",
      "18      5     6  1030.0  2070.0\n",
      "19     16    17   230.0   590.0\n",
      "20      7     8  1490.0  1630.0\n",
      "21      8     9   790.0  2260.0\n",
      "22     20    21   830.0  1770.0\n",
      "23      2     3    40.0  2090.0\n",
      "24     15    16  1280.0  1200.0\n",
      "25     19    20   590.0  1390.0\n",
      "26     27    28  1260.0  1910.0\n",
      "27      3     4   750.0  1100.0\n",
      "24804.616638580832\n",
      "24804.616638580836\n",
      "    index  City       x       y\n",
      "0      24    25  1280.0   790.0\n",
      "1       6     7  1650.0   650.0\n",
      "2      22    23  1840.0  1240.0\n",
      "3      14    15   750.0   900.0\n",
      "4      25    26   490.0  2130.0\n",
      "5      23    24  1260.0  1500.0\n",
      "6      17    18   460.0   860.0\n",
      "7      21    22   490.0   500.0\n",
      "8      10    11   840.0   550.0\n",
      "9      12    13   970.0  1340.0\n",
      "10      1     2   630.0  1660.0\n",
      "11      9    10   710.0  1310.0\n",
      "12      4     5   750.0  2030.0\n",
      "13     11    12  1170.0  2300.0\n",
      "14     13    14   510.0   700.0\n",
      "15     18    19  1040.0   950.0\n",
      "16     26    27  1460.0  1420.0\n",
      "17     28    29   360.0  1980.0\n",
      "18      5     6  1030.0  2070.0\n",
      "19     16    17   230.0   590.0\n",
      "20      7     8  1490.0  1630.0\n",
      "21      8     9   790.0  2260.0\n",
      "22     20    21   830.0  1770.0\n",
      "23      2     3    40.0  2090.0\n",
      "24     15    16  1280.0  1200.0\n",
      "25     19    20   590.0  1390.0\n",
      "26     27    28  1260.0  1910.0\n",
      "27      3     4   750.0  1100.0\n",
      "    index  City       x       y\n",
      "0      24    25  1280.0   790.0\n",
      "1       4     5   750.0  2030.0\n",
      "2       9    10   710.0  1310.0\n",
      "3       1     2   630.0  1660.0\n",
      "4      12    13   970.0  1340.0\n",
      "5      10    11   840.0   550.0\n",
      "6      21    22   490.0   500.0\n",
      "7      17    18   460.0   860.0\n",
      "8      23    24  1260.0  1500.0\n",
      "9      25    26   490.0  2130.0\n",
      "10     14    15   750.0   900.0\n",
      "11     22    23  1840.0  1240.0\n",
      "12      6     7  1650.0   650.0\n",
      "13     11    12  1170.0  2300.0\n",
      "14     13    14   510.0   700.0\n",
      "15     18    19  1040.0   950.0\n",
      "16     26    27  1460.0  1420.0\n",
      "17     28    29   360.0  1980.0\n",
      "18      5     6  1030.0  2070.0\n",
      "19     16    17   230.0   590.0\n",
      "20      7     8  1490.0  1630.0\n",
      "21      8     9   790.0  2260.0\n",
      "22     20    21   830.0  1770.0\n",
      "23      2     3    40.0  2090.0\n",
      "24     15    16  1280.0  1200.0\n",
      "25     19    20   590.0  1390.0\n",
      "26     27    28  1260.0  1910.0\n",
      "27      3     4   750.0  1100.0\n",
      "25674.24501432829\n",
      "25674.24501432829\n",
      "    index  City       x       y\n",
      "0      24    25  1280.0   790.0\n",
      "1       6     7  1650.0   650.0\n",
      "2      22    23  1840.0  1240.0\n",
      "3      14    15   750.0   900.0\n",
      "4      25    26   490.0  2130.0\n",
      "5      23    24  1260.0  1500.0\n",
      "6      17    18   460.0   860.0\n",
      "7      21    22   490.0   500.0\n",
